P=[1 2 3 4 5 6 7 8 9 10 11 12 13 14];
P_reserv=1./P;
aa=86.75945971     ;
bb= 13.44036928 ;


n_reserv=aa.*P_reserv+bb;
nab_cal=1./n_reserv;

